((("howm-save-buffer-and-kill" .
   [0 0 0 0 0 0 0 0 1 0 0 0 0 0 0 0 0 0 0 0 0 0 0 0 0])
  ("howm-mode-map" .
   [0 0 0 0 0 0 0 0 0 0 0 1 0])
  ("C-c" .
   [4 0 0])
  ("C" .
   [4])
  ("kill-buffer" .
   [1 0 0 0 0 0 0 0 0 0 0])
  ("save-buffer" .
   [1 0 0 0 0 0 0 0 0 0 0])
  ("string-match" .
   [1 0 0 0 0 0 0 0 0 0 0 0])
  ("buffer-file-name" .
   [0 0 0 0 0 0 0 0 0 0 1 1 0 0 0 0])
  ("and" .
   [1 0 0])
  ("interactive" .
   [1 0 0 0 0 0 0 0 0 0 0])
  ("howm-save-buffer" .
   [0 0 0 0 0 0 0 0 0 1 0 0 0 0 0 0])
  ("defun" .
   [1 0 0 0 0])
  ("kbd" .
   [3 0 0])
  ("point-redo" .
   [2 0 0 0 0 0 0 0 0 0])
  ("f6" .
   [1 0])
  ("f5" .
   [1 0])
  ("global-map" .
   [0 0 1 1 0 0 0 0 0 1])
  ("define-key" .
   [2 0 0 0 0 1 0 0 0 0])
  ("nil-safe" .
   [0 0 0 0 0 0 0 1])
  ("point-undo" .
   [2 0 0 0 1 0 0 0 0 0])
  ("when" .
   [3 0 0 0])
  ("point" .
   [1 0 0 0 0])
  ("x" .
   [1])
  ("php-mode" .
   [1 0 0 0 0 0 0 0])
  ("public" .
   [0 0 1 1 0 0])
  ("function" .
   [0 0 0 1 0 0 0 0])
  ("isset" .
   [0 0 1 0 0])
  ("require" .
   [4 0 0 0 0 0 0])
  ("js2-mode" .
   [2 0 0 0 0 0 0 0])
  ("s" .
   [1])
  ("add-to-list" .
   [1 0 0 0 0 0 0 0 0 0 0])
  ("auto-mode-alist" .
   [1 0 0 0 0 0 0 0 0 0 0 0 0 0 0])
  ("/" .
   [1])
  ("." .
   [2])
  ("d" .
   [1])
  ("\"での区切り方を考える。入力内容kara" .
   [1 0 0 0 0 0 0 0 0 0 0 0 0 0 0 0 0 0 0 0])
  ("$parameters" .
   [2 0 0 0 0 0 0 0 0 0 1])
  ("explod" .
   [1 0 0 0 0 0])
  ("$parameter" .
   [0 0 0 0 0 0 0 1 0 0])
  ("$" .
   [3])
  ("$pattern2" .
   [2 0 0 0 0 0 0 0 0])
  ("$pattern1" .
   [1 0 0 0 0 0 0 0 0])
  ("$pattern" .
   [1 0 0 0 0 0 0 0])
  ("if文で最後が、" .
   [1 0 0 0 0 0 0 0])
  ("$replacement" .
   [1 0 0 0 0 1 0 0 0 0 0 0])
  ("SJIS" .
   [1 0 0 0])
  ("　" .
   [1])
  ("レビュー" .
   [1 0 0 0])
  ("pub" .
   [1 0 0])
  ("test" .
   [1 0 0 0])
  (":" .
   [2])
  ("t" .
   [5])
  ("$related" .
   [1 0 0 0 0 0 0 0])
  ("wgrep" .
   [0 0 0 0 1])
  ("nil" .
   [1 0 0])
  ("Suppress" .
   [1 0 0 0 0 0 0 0])
  ("setq" .
   [2 0 0 0])
  ("concat" .
   [1 0 0 0 0 0])
  ("howm" .
   [1 0 0 0])
  ("howm-mode" .
   [0 0 0 1 0 0 0 0 0])))
